((("group" .
   [2 0 0 0 0])
  ("owner" .
   [1 0 0 0 0])
  ("directory" .
   [1 0 0 0 0 0 0 0 0])
  ("user" .
   [4 0 0 0])
  ("invoke" .
   [1 0 0 0 0 0])
  ("Task" .
   [1 0 0 0])
  ("Rake" .
   [1 0 0 0])
  ("echo" .
   [1 0 0 0])
  ("p" .
   [3])
  ("line" .
   [4 0 0 0])
  ("each" .
   [1 0 0 0])
  ("open" .
   [1 0 0 0])
  ("require" .
   [2 0 0 0 1 0 0])
  ("color" .
   [2 0 0 0 0])
  ("c" .
   [1])
  ("ss" .
   [1 0])
  ("html5" .
   [1 0 0 0 0])
  ("format" .
   [1 0 0 0 0 0])
  ("haml" .
   [1 0 0 0])
  ("gallery" .
   [0 0 0 0 0 0 1])
  ("while" .
   [1 0 0 0 0])
  ("class" .
   [2 0 0 0 0])
  ("do" .
   [7 0])
  ("def" .
   [5 0 0])
  ("foo" .
   [1 0 0])
  ("gem" .
   [1 0 0])
  ("defined?" .
   [2 0 1 2 0 0 0 1])
  ("exec" .
   [2 0 0 0])
  ("module" .
   [1 0 0 0 0 0])
  ("puts" .
   [1 0 0 0])
  ("If" .
   [1 0])
  ("connection" .
   [2 0 0 0 0 0 0 1 0 1])
  ("GITHUB_API" .
   [0 0 0 0 0 0 1 0 0 0])
  ("username" .
   [8 0 0 0 0 0 0 2])
  ("password" .
   [4 0 0 2 0 1 0 0])
  ("command" .
   [2 0 0 0 0 0 0])
  ("execute" .
   [1 0 0 0 0 0 0])
  ("cwd" .
   [1 0 0])
  ("args" .
   [7 0 0 0])
  ("server_ip" .
   [2 0 0 0 0 0 0 1 0])
  ("green" .
   [3 0 0 0 0])))
